32
12.720757277892588	0.6457695038534784	0.45041726206484844	0.20727428308646145	-0.6651461809684879	0.15796554855542547	0.08799485309445063	0.29762734307451894	0.4089457613226745	0.3856221961690996	0.29135613473532107	3.935754806596496	0.14312190858136434	0.417330105589967	0.04537835973666497	0.007187226891137906	
1.3142181354364848	0.017659373837613714	0.04195410752048937	0.049150089585654116	0.2709569847049384	0.0571005672907926	0.031784766380658344	0.24810440186250485	0.2201041900415441	0.23113697157042068	0.03326819340277473	3.6300929392185384	0.1364195243617972	0.02283096252873541	0.023988443363777385	0.0067094472062491795	
-0.028563815065480988	0.570233637974337	0.40668857342457815	0.6077502316287396	0.3794584696894793	-0.13013918989334455	-0.4590845766665496	0.048626865000269394	0.24230978673732467	0.20973798077677258	0.8777153798863699	-0.07882737429314318	-0.06635723491453759	2.18100863676546E-5	0.5791295246802624	0.4818657799959145	-0.6175776486509078	-0.010178134132003086	0.5308318481835285	0.21283848043658254	0.10651512153002074	0.30607405253356634	-0.45503251275290696	1.0737065309319886	-0.4520005037710899	-0.9147460391458632	-0.48935451924766216	1.053175863271852	-0.34027963911973463	0.2528749209601013	0.17192315491046867	-0.23445561157698414	
-0.4244585926767486	-0.5995549177534899	0.2796907810760458	-0.18050017670237284	-0.37782026798978	0.27950625569271764	0.27496781709768975	-0.1264824069501917	-0.8028479480290687	0.07479510385789637	0.8745134431103889	0.4422071312229987	0.4446951970200564	-6.264492393765229E-5	0.8512913524437776	-0.4627300159164638	-0.49766745793570577	0.5681020754070908	-0.44869144269950795	0.5213820459078359	-0.3394149146745128	-0.575129190966347	-0.29112498570061357	-0.3114905086098398	0.5861528512816253	0.7458759785799538	-0.5839885689282225	0.42267695287998575	0.6053001004654676	0.5651365594163045	-0.20799306664869183	-0.4240460987593475	
0.4197727040255884	0.14860059591467734	-0.2393811364381869	-0.06629159994622823	0.05872694536725066	-0.009954841726336316	-0.055672395322476184	-0.33119474129991927	-0.07274891855546751	0.31385625289766095	0.18134386042374198	-0.08382652967485751	0.32685015298700687	-0.18856698853640752	-0.033810298031320886	0.009616477095489084	
0.06918250194598441	-0.28388402227991694	0.05547420913275303	0.30555552069727887	0.018229349329089307	0.0212207871057504	-0.030706461745069746	-0.06487843606718968	-0.08813838290135095	0.22761656839810362	-0.057092259302578954	0.1002233347284378	-0.34214894570523013	0.308847870207752	-0.3246675232848685	0.0011406862231211367	
-0.14023657618565316	-0.35531703246806895	0.022534621412802675	0.19478753728146167	-0.11881499809201221	0.01448145829051031	0.002518664835215829	-0.30337530902216125	-0.04291825634890707	-0.04485107458279378	0.21162517310069262	0.05667126119016463	-0.24632666671579767	0.2712916150259872	0.12269176666749754	-0.02769984110341741	
-0.5098468549403278	0.0011127534861036842	-0.024037227307611837	-0.050022373374360295	-0.15710807523083967	0.032423307458251255	9.016326653102485E-4	-0.10989834261497505	-0.10319855738442998	-0.06715710441715773	-0.04588653916085298	-0.14098872984630703	-0.1293143902127275	0.01529059220293076	-0.10708359525078774	0.007143895931242362	
0.09962385205362902	0.03095683457025652	0.06954507562006636	-0.11863383317411133	0.023072834345330608	-0.013386543806946195	0.005954866955203706	0.16983739930338443	0.08809784247876104	-0.05065696658775213	-0.010314865674914006	-0.12739907740317638	0.08257005448724222	-0.03777518597008236	-0.016849241446776804	-0.01533310815739584	
-0.07944846698341311	-0.07386758320269551	-0.032702424301227766	-0.018988085812512028	-0.01843007573982227	-0.07603274524698976	-0.0819674344701719	0.10244218994078058	-0.10371353312663883	-0.03403073004351202	0.1550467973924063	-0.08809543538672619	0.3093592559693997	0.04635109271881861	-0.15316745035281382	0.019056243753456457	
0.2611791304756293	-0.11210130485598074	0.025663530873757844	-0.020690166138537542	-0.25435084304975275	-0.08422933575589246	-0.012333632554484475	-0.33676998031078875	-0.46325638580983247	-0.5447997869485662	0.12725933221242589	-0.3151025578937584	-0.29296486524697307	0.11141949038663129	-0.02091062977363151	0.013759954611589905	
0.08914210085344827	0.047810784658918325	0.03191655050280236	0.03014881302800692	0.006118428489253558	0.026792483099842515	0.030464146164322616	0.061781823938382975	0.07424638787719282	0.12005333000132888	0.06205275490579833	-0.03910645884270322	0.04494860442706726	0.04142487639059722	0.050930421752671165	0.007528108072282468	
0.06957338510041258	-0.11691315841166437	0.07468297738527933	-0.2679619056882818	-0.09389687020293297	0.01512979164080816	-0.04162868283585061	-0.4735466040917184	-0.35750837500620386	0.5214183109371305	-0.07672258303725037	0.3283607151886276	-0.02310200097027187	0.13705987676617845	0.11900796018692113	-0.005274174087387745	
-0.04194375878745039	-0.01630989887401561	0.004958204360702521	0.02066692044523442	0.08665129222202753	-0.06323387246499164	-0.017757071651265152	0.06990257183092842	0.0826232931374648	0.0790275099538363	4.4817259229472216E-4	0.10538472511622721	0.07300778088081478	0.004828005797629747	0.05066711340550349	-2.331089077951511E-4	
-0.22558085146543128	-0.1068722791350536	-0.05484290786057782	-0.03454687625904994	0.0031497562107792904	0.0335766401064847	-0.044125403908195214	-0.06478453258565942	0.250276492034905	0.5405186507538222	-0.07903883454848394	-0.44724879767355497	0.46358032128565013	0.11825821453747788	-0.012497942754921481	-0.003670897556441521	
-0.0862764086671969	0.21341270888387862	0.3587209780148168	0.22492145290583537	0.21620479105237222	-0.05414463185149166	0.009514123169369715	0.37362529343789125	-0.0992738057761433	0.005071372865454419	-0.3331156414243802	-0.08136276398978642	-0.5526060162484991	-0.10331757501019477	-0.46471347366554716	0.031190642699521796	
-0.11803991792204405	0.13465475769853272	-0.17872436553868534	0.1999907771010156	-0.04210372458198831	0.06769651176908277	0.03777374579432679	0.17758742293433105	0.13801263236435118	0.038730928388926965	0.15969451498951412	-0.25191489723676136	0.0549611971789482	-0.179644601213448	-0.07384079702904131	-0.009854355440293158	
-1.8978457065886388E-4	2.7546312323030645E-5	4.584314662765934E-5	2.6893128584611265E-4	-3.0914419707516215E-4	-3.411064297736074E-4	1.5098229972676245E-4	-1.0591314093120956E-4	-1.4861169074039857E-4	-1.0927323197853031E-4	4.415895157716651E-5	-6.378275283592559E-5	-9.2664769049152E-5	2.184132225163724E-5	2.5037417213896653E-4	-1.91375584227818E-5	
-0.1927125001005236	-0.08174467819033912	-0.12048860537373628	0.07493955384080599	-0.05390943694316326	0.0320647086547451	0.026662189143640113	0.5633305461243278	-0.12875673676125526	0.009100501756347744	0.1195861266923438	-0.27963124102620307	0.06102154347235977	0.057606965215537376	-0.05617670605823544	0.003656485814812574	
0.08740015129146467	-0.054232561394872716	0.04182660873349235	0.08914076797712646	0.10643000158992608	-0.007373790316270921	-0.021305736506817236	-0.20494115978721908	0.06315096230888893	0.03187730741131772	-0.0019323338342548547	-0.11133201402797338	0.2212578284059839	-0.03496416746029164	-0.10336317780512488	-0.0018319302669751426	
0.19317653234739532	0.05493147729084194	-0.18966453609661738	-0.13638052649471843	-0.13728016508807617	0.06266717898773862	0.054891074019457205	-0.28740587957638386	0.2556796882929668	-0.023584257390208082	0.1271589789587968	0.15786468497247133	0.3548570231936661	-0.10780898800976033	0.1486645290871747	-0.018173527107863484	
0.018893864727261647	0.05195905953361256	0.11398949729101418	0.14374632623688738	0.1726244661032308	-1.4114399849055064E-4	0.04737275052056811	0.17893650954503362	0.13291594628230383	-0.044613737358249694	-0.19489155528997418	0.505450516165566	0.15883998007927896	-0.025610412039809616	-0.03381977917014998	-0.006415116405228613	
0.06828824391294044	-0.05988626214517675	-0.011355074498875612	0.16780810382445374	0.09182509578531174	-0.08956329295476086	-0.015326615464673126	-0.20994615481250292	0.1565491818287113	-0.1374869049387288	0.03103129167334692	0.15635633688557285	-0.27809712742090703	0.07069882465906678	-0.002395240900524537	-0.007494601142344958	
-0.23305409433356875	0.08289616556324648	0.08776492465086921	-0.08823591249852583	-0.008596094143194448	-0.002415973330559856	0.012568074229138554	-0.1856445965796091	-0.06022628420359397	-0.1823256064664823	-0.2655878308774522	0.32309815118742147	-0.1356487108849899	-0.013578158475828302	-0.2971138894531682	0.014403085536042486	
0.09822420111618356	0.1441851177083843	0.39519511410429364	0.00540307970658026	-0.06441496566785736	0.06763178378799445	-0.028218207479839552	-0.3096170753419336	-0.0350172194894524	0.12187050436031197	-0.5137768036846876	0.1987348795702103	0.13149777366938842	-0.016354906267291733	-0.06287934931439144	0.018005022158511085	
0.14859140271987722	0.12198358892926489	0.06526858353895605	0.0843849887651632	-0.04958513473961233	0.00927680336215148	-0.0163335731498367	-0.03177096172137824	0.26862448106485015	0.21442397203929273	-0.11271239779157809	-0.23015106035037772	0.23985576819395663	-0.10252689379613593	-0.08162515200728844	-0.004567345926812854	
0.24719854714317288	-0.010444586835493465	-0.06953986644625416	-0.015188337886206167	0.36498384423672636	-0.027366839363225676	-0.002138687867570617	0.24433363843930048	0.24552538482894573	0.2433571243103387	-0.05394672319591861	-0.03315476576960637	0.21858341957775537	-0.012239898382143531	-0.0063553239388648855	-0.0042809506733381695	
-0.550522863092914	0.04972921986076048	-0.08328889453300795	-0.07592427266159948	0.13534715195690822	-0.028562724743782155	-0.03044213463540494	0.14101916098364614	-0.02721891780812976	0.2260735606136915	0.06977005356020179	-0.36377162645221406	0.18746226341406483	-0.054781698218171825	0.19026439817252824	0.004199800736233003	
-0.11515843041724817	-0.08545095802464384	0.08692312922599424	-0.1683003758330949	-0.04032638726788124	0.048608797274854655	0.03385820086504295	-0.2351736474372134	0.021644150793864878	-0.05540907060783474	-0.09662439683762937	0.19327338998322882	0.18270779424210953	0.1494916401321375	-0.09307143261815114	-0.019753527873612755	
-0.09200129761036467	-0.1692413922359201	-0.09684598834393246	-0.04110462298917463	-0.11876147838849051	0.049474071806896565	0.04166342425575653	-0.21291314592755164	-0.30045337707821235	0.14657468099583804	0.08860121739898617	0.27786564001516384	0.15554707089703806	0.07680218538975332	-0.023027201625523838	-0.017997857298242655	
0.1734213293211419	-0.1931798233790271	-0.09212708461584272	0.03246230513818034	-0.06973264213490703	0.05286044419641657	0.056146970350551766	-0.12390290761088149	0.21211841774224036	-0.28485454690969303	0.1357734991772417	0.2520584663979045	0.05386091820983779	0.14772281080950816	-0.12672382847452707	0.0047190932949494335	
-0.27854925585081647	0.0015396225392676683	0.029727964447923513	0.1178318467764494	-0.1938115355106883	0.060122065923247585	0.047785512233462495	-0.04704229014317243	0.02721006919346207	0.09232247070456892	0.09618574570409391	-0.026358678140033284	0.04180788312171413	-0.029513737367813625	-0.2225193884483586	-0.027849252266249902	
-0.12130444888796815	0.32960398928891876	0.05317984613283248	-0.10702492922543959	-0.01732807251771291	-0.02199387512731742	-0.03080035210524846	-0.23999011797755013	0.1718346971814571	0.020041278826333005	0.0072261692618530585	0.22012231692230985	-0.4336286244609503	-0.33277096911152426	-0.04267896654258987	0.0011022923423130147	
-0.0928602247333282	0.007189109614846921	0.1554290966570389	0.19813210159786193	0.07242115437628574	0.010385975761709056	-0.09134126822518208	0.16985651107918112	0.31891555479666056	0.324224031008247	-0.23476934555524048	-0.5127784570186198	-0.23067104729693771	0.05933904038500561	-0.2554963477317099	0.017737477244700206	
-0.022316295345739565	0.018535264555278937	-0.20912778741896831	-0.4854430692873203	0.31217419291325027	-0.06354559746773585	-0.005583299094597837	-0.010556189978631685	0.07638791687828181	-0.03247651023442321	-0.14222706661749882	-0.005922116723400757	0.07484970668209429	0.03514841613858941	-0.3755362544309802	0.048610092549109134	
0.09837737580712548	-0.07927287495156682	0.13702986491707783	-0.049359454512684954	-0.08271109222272793	0.0789636757066995	0.08095351475002462	0.11012088140521904	-0.18377721813302977	-0.3042942819293312	-0.1904248396245419	0.5305805858650483	-0.0696590945989607	0.13078649598207012	-0.05793210591396913	-0.002077438222941532	
-0.8521645359251515
